41 99 1103
99 41 1103
113 97 981
97 113 981
81 105 959
105 81 959
113 25 927
25 113 927
70 92 923
92 70 923
92 99 917
99 92 917
13 99 909
99 13 909
67 99 890
99 67 890
105 44 888
44 105 888
81 44 887
44 81 887
21 67 838
67 21 838
13 90 835
90 13 835
21 99 827
99 21 827
141 142 814
142 141 814
99 70 806
70 99 806
76 21 803
21 76 803
154 25 792
25 154 792
99 76 789
76 99 789
24 99 786
99 24 786
74 21 784
21 74 784
113 105 773
105 113 773
43 13 758
13 43 758
99 43 753
43 99 753
113 45 750
45 113 750
25 45 745
45 25 745
46 41 744
41 46 744
13 92 743
92 13 743
13 70 742
70 13 742
67 92 741
92 67 741
99 86 739
50 118 739
118 50 739
86 99 739
92 86 735
35 44 735
44 35 735
86 92 735
67 13 734
13 67 734
21 41 730
99 46 730
46 99 730
41 21 730
76 67 728
67 76 728
41 27 720
27 41 720
67 41 717
41 67 717
76 13 714
13 76 714
72 76 706
76 72 706
21 13 701
13 21 701
27 99 698
99 27 698
86 70 697
70 86 697
92 22 696
22 92 696
59 15 695
15 59 695
21 72 692
74 41 692
72 21 692
41 74 692
70 67 690
67 70 690
141 118 690
118 141 690
92 43 687
43 92 687
74 99 684
99 74 684
46 15 683
15 46 683
65 63 678
63 65 678
74 76 677
118 57 677
76 74 677
57 118 677
25 97 674
97 25 674
90 67 673
67 90 673
72 74 671
74 72 671
41 33 670
64 25 670
41 92 670
92 41 670
33 41 670
25 64 670
59 21 669
21 59 669
21 20 667
20 21 667
59 76 666
76 59 666
25 105 665
105 25 665
46 21 665
21 46 665
81 35 664
35 81 664
41 20 662
86 41 662
20 41 662
41 86 662
90 99 659
99 90 659
53 91 658
105 35 658
35 105 658
91 53 658
92 90 658
90 92 658
70 76 649
76 70 649
102 62 648
62 102 648
92 66 647
45 154 647
154 45 647
66 92 647
46 67 643
67 46 643
64 35 642
35 64 642
118 99 639
38 76 639
99 118 639
76 38 639
51 41 638
41 51 638
99 20 638
20 99 638
72 99 637
99 72 637
46 98 635
82 96 635
96 82 635
98 46 635
98 90 634
90 98 634
98 99 633
38 13 633
13 38 633
99 98 633
94 113 632
64 113 632
113 94 632
113 64 632
54 95 631
95 54 631
13 66 630
76 41 630
41 76 630
66 13 630
58 96 628
96 58 628
13 59 627
59 13 627
154 113 624
24 20 624
74 46 624
20 24 624
46 74 624
113 154 624
99 66 623
66 99 623
90 21 618
21 90 618
22 70 618
70 22 618
99 51 616
51 99 616
76 46 616
46 76 616
105 45 615
45 105 615
21 98 614
98 21 614
76 92 613
92 76 613
90 70 612
70 90 612
24 74 611
74 24 611
20 76 610
76 20 610
46 59 608
59 46 608
118 41 607
41 118 607
67 72 606
72 67 606
50 141 604
141 50 604
99 59 603
59 99 603
41 24 602
24 41 602
24 46 597
46 24 597
59 74 594
44 113 594
74 59 594
113 44 594
81 25 593
57 46 593
25 81 593
46 57 593
99 130 592
24 72 592
130 99 592
64 45 592
72 24 592
45 64 592
20 36 591
36 20 591
27 67 589
67 27 589
130 41 588
41 130 588
90 76 585
76 90 585
15 99 584
99 15 584
38 70 583
97 94 583
99 22 583
94 97 583
70 38 583
22 99 583
112 38 582
38 112 582
94 25 580
41 57 580
57 41 580
25 94 580
59 66 579
66 59 579
99 38 575
41 59 575
38 99 575
72 41 575
59 41 575
27 21 575
41 72 575
21 27 575
59 67 573
98 67 573
67 98 573
67 59 573
98 13 572
13 98 572
20 46 570
46 20 570
24 76 570
15 13 570
13 15 570
76 24 570
28 95 568
95 28 568
72 59 567
59 72 567
20 74 563
141 16 563
74 20 563
16 141 563
98 92 561
92 98 561
43 86 560
86 43 560
67 74 557
73 45 557
74 67 557
45 73 557
98 15 555
15 98 555
90 86 553
86 90 553
46 92 552
59 27 552
92 46 552
27 59 552
74 51 551
51 74 551
54 43 548
43 54 548
109 91 547
91 109 547
20 72 546
72 20 546
38 24 546
24 38 546
24 21 545
41 13 545
43 90 545
21 24 545
13 41 545
90 43 545
57 51 544
130 86 544
84 82 544
74 27 544
82 84 544
27 74 544
72 51 544
51 72 544
86 130 544
51 57 544
15 76 541
59 90 541
76 15 541
90 59 541
43 70 537
66 67 537
38 21 537
67 66 537
64 78 537
94 45 537
78 64 537
45 94 537
21 38 537
70 43 537
99 33 535
33 99 535
86 67 534
67 86 534
113 41 -534
41 113 -534
79 89 533
89 79 533
45 81 530
52 147 530
97 10 -530
147 52 530
81 45 530
10 97 -530
125 81 528
81 125 528
53 134 527
134 53 527
62 68 527
68 62 527
98 76 526
76 98 526
13 24 525
24 13 525
99 50 524
50 99 524
54 13 523
13 54 523
74 70 522
70 74 522
86 24 522
121 57 522
57 121 522
24 86 522
67 77 521
7 47 521
47 7 521
77 67 521
81 73 520
33 67 520
67 33 520
73 81 520
46 121 518
121 46 518
73 134 516
13 86 516
27 118 516
118 27 516
134 73 516
99 141 516
86 13 516
141 99 516
71 82 515
27 33 515
82 71 515
41 98 515
33 27 515
98 41 515
33 50 514
50 33 514
21 70 513
70 21 513
86 116 513
25 44 513
44 25 513
116 86 513
74 118 512
118 74 512
70 46 512
46 70 512
97 105 510
105 97 510
92 130 510
130 92 510
118 62 509
62 118 509
20 115 508
115 20 508
73 25 507
25 73 507
57 99 507
90 20 507
20 90 507
99 57 507
140 142 506
142 140 506
98 74 506
74 98 506
101 92 505
41 90 505
90 41 505
92 101 505
92 57 504
57 92 504
92 15 503
15 92 503
92 77 502
77 41 502
77 92 502
73 154 502
81 71 502
71 81 502
28 54 502
130 24 502
154 73 502
41 77 502
24 130 502
54 28 502
66 90 501
92 21 501
34 143 501
17 118 501
143 34 501
68 118 501
90 66 501
118 68 501
118 17 501
21 92 501
17 99 500
99 17 500
59 20 499
20 59 499
101 13 499
13 101 499
51 21 498
121 41 498
21 51 498
41 121 498
112 76 497
76 112 497
116 33 497
94 41 -497
33 116 497
41 94 -497
142 50 496
50 27 496
50 142 496
27 50 496
27 66 495
94 27 -495
27 94 -495
66 27 495
92 118 494
118 92 494
13 22 494
22 13 494
141 140 493
140 141 493
98 70 493
70 98 493
9 46 492
24 36 492
98 24 492
134 123 492
35 131 492
24 98 492
131 35 492
46 9 492
123 134 492
36 24 492
112 99 491
71 97 491
97 71 491
67 43 491
43 67 491
99 112 491
54 98 490
98 54 490
74 77 490
77 74 490
64 154 489
35 113 489
113 35 489
154 64 489
101 43 486
43 101 486
130 46 484
81 113 484
19 142 484
15 57 484
98 59 484
118 142 484
59 98 484
113 81 484
46 130 484
142 118 484
57 15 484
142 19 484
51 118 483
20 13 483
118 51 483
13 20 483
15 41 482
59 115 482
41 15 482
70 41 482
41 70 482
115 59 482
41 43 481
43 41 481
76 77 480
77 76 480
64 44 478
44 64 478
91 54 478
54 91 478
127 25 477
68 85 477
130 74 477
25 127 477
85 68 477
100 56 -477
74 130 477
56 100 -477
141 92 476
21 33 476
33 21 476
22 118 476
77 90 476
143 122 476
90 77 476
118 22 476
122 143 476
92 141 476
102 60 -475
38 20 475
60 102 -475
20 38 475
25 82 474
67 15 474
15 90 474
15 67 474
82 25 474
90 15 474
134 45 473
45 134 473
46 13 472
13 46 472
53 70 472
70 53 472
50 41 471
70 24 471
24 70 471
41 50 471
27 51 470
51 27 470
41 116 469
22 141 469
141 22 469
131 78 469
78 131 469
116 41 469
46 118 468
118 46 468
38 74 467
74 38 467
22 41 467
41 22 467
49 62 466
62 49 466
74 9 465
141 66 465
99 142 465
24 43 465
142 99 465
43 24 465
9 74 465
66 141 465
22 38 464
105 150 -464
38 22 464
150 105 -464
105 154 463
154 105 463
73 105 462
105 73 462
77 116 461
115 36 461
95 90 461
90 54 461
54 90 461
5 14 -461
116 70 461
116 77 461
36 115 461
90 95 461
70 116 461
14 5 -461
68 102 460
130 70 460
53 84 460
84 53 460
102 68 460
70 130 460
113 51 -459
51 113 -459
13 74 459
74 13 459
67 22 458
41 9 458
9 41 458
22 67 458
112 151 458
151 112 458
66 76 457
76 66 457
44 16 456
65 70 456
94 33 -456
33 94 -456
16 44 456
70 65 456
96 81 455
81 96 455
127 64 455
64 127 455
76 27 454
27 76 454
53 123 454
53 54 454
123 53 454
54 53 454
81 97 453
27 141 453
97 81 453
141 27 453
67 9 452
9 67 452
7 6 -452
6 7 -452
45 42 451
42 45 451
68 53 -450
53 68 -450
51 46 449
64 81 449
53 42 449
46 51 449
81 64 449
42 53 449
17 92 448
132 13 448
25 35 448
13 132 448
9 57 448
70 9 448
73 94 448
57 9 448
50 67 448
94 73 448
9 70 448
112 118 448
35 25 448
92 17 448
67 50 448
118 112 448
22 76 447
15 74 447
45 35 447
25 42 447
35 45 447
76 22 447
74 15 447
42 25 447
147 144 446
105 71 446
144 147 446
71 105 446
21 22 445
41 68 445
42 94 445
68 41 445
33 25 -445
22 21 445
94 42 445
134 42 445
42 134 445
25 33 -445
73 113 444
13 72 444
72 13 444
86 76 444
57 59 444
76 86 444
59 57 444
113 73 444
92 143 443
74 57 443
55 89 443
118 77 443
57 74 443
89 55 443
143 92 443
77 118 443
89 104 442
71 25 442
111 33 -442
104 89 442
25 71 442
51 59 442
100 5 442
13 9 442
59 51 442
33 111 -442
5 100 442
9 13 442
49 64 441
27 92 441
129 53 441
53 129 441
92 27 441
64 49 441
136 138 440
66 21 440
72 46 440
21 66 440
138 136 440
33 142 440
142 33 440
46 72 440
46 27 439
20 98 439
86 38 439
132 9 439
27 46 439
98 20 439
38 86 439
9 132 439
15 70 438
81 154 438
27 57 438
67 116 438
154 81 438
70 15 438
116 67 438
57 27 438
59 92 437
97 51 -437
51 97 -437
92 59 437
130 72 436
72 130 436
62 35 436
125 112 436
112 125 436
35 62 436
155 26 435
99 132 435
26 155 435
62 121 435
121 62 435
132 99 435
99 116 435
116 99 435
57 50 434
50 57 434
21 115 433
113 10 -433
10 113 -433
115 21 433
101 70 432
22 112 432
62 46 432
115 27 432
70 101 432
27 115 432
46 62 432
112 22 432
67 24 431
92 116 431
25 150 -431
150 25 -431
24 67 431
57 62 431
116 92 431
62 57 431
70 66 430
66 70 430
64 134 429
84 25 429
44 138 429
25 84 429
130 76 429
134 64 429
76 130 429
138 44 429
13 95 428
95 13 428
97 154 428
66 22 428
112 86 428
86 112 428
22 66 428
63 100 -428
154 97 428
100 63 -428
90 101 427
90 46 427
131 38 427
38 131 427
46 90 427
101 90 427
51 94 -426
123 61 426
61 123 426
94 51 -426
13 131 426
131 13 426
37 149 425
92 54 425
149 37 425
54 92 425
118 21 424
57 130 424
130 57 424
21 118 424
92 91 423
91 92 423
59 25 -423
27 22 423
113 33 -423
9 99 423
17 121 423
121 17 423
25 59 -423
99 9 423
33 113 -423
22 27 423
121 118 422
94 2 422
86 21 422
91 84 422
2 94 422
21 86 422
13 118 422
118 121 422
84 91 422
118 13 422
125 155 421
54 99 421
44 154 421
111 78 421
154 44 421
78 111 421
155 125 421
99 54 421
44 97 421
97 44 421
33 74 420
16 142 420
67 51 420
142 16 420
74 33 420
51 67 420
57 76 419
35 97 419
97 35 419
76 57 419
142 62 418
63 70 418
70 63 418
62 142 418
154 82 418
86 33 418
33 86 418
82 154 418
111 116 -418
116 111 -418
45 97 417
101 99 417
98 95 417
74 115 417
95 98 417
66 15 417
115 74 417
77 70 417
15 66 417
33 87 417
97 45 417
87 33 417
70 77 417
99 101 417
108 66 416
43 98 416
41 142 416
143 70 416
98 43 416
131 112 416
70 143 416
66 108 416
92 132 416
71 84 416
132 92 416
112 131 416
84 71 416
142 41 416
118 16 415
16 118 415
69 53 414
53 69 414
41 115 414
113 98 -414
98 113 -414
115 41 414
19 16 413
117 12 413
16 19 413
38 90 413
12 117 413
90 38 413
76 116 412
81 11 412
43 38 412
38 43 412
112 21 412
21 112 412
116 76 412
11 81 412
118 131 411
131 118 411
36 21 410
67 20 410
142 92 410
92 142 410
17 57 410
57 17 410
20 67 410
44 98 -410
98 44 -410
21 36 410
10 19 409
26 96 409
141 6 409
6 141 409
19 10 409
72 90 409
90 72 409
96 26 409
59 94 -408
142 119 408
10 15 408
116 89 408
94 59 -408
104 55 408
89 116 408
119 142 408
15 10 408
55 104 408
112 92 408
92 112 408
67 130 407
150 113 -407
113 150 -407
70 112 407
130 67 407
112 70 407
96 92 407
92 96 407
18 114 406
19 141 406
141 19 406
114 18 406
121 21 405
22 17 405
78 45 405
21 121 405
45 78 405
17 22 405
99 19 404
106 139 -404
22 90 404
139 106 -404
90 22 404
81 42 404
42 81 404
19 99 404
86 98 403
98 86 403
54 24 403
24 54 403
142 102 403
102 142 403
94 123 402
16 92 402
15 21 402
123 94 402
92 16 402
21 15 402
3 14 401
86 65 401
86 66 401
33 76 401
11 47 401
47 11 401
135 35 401
110 29 401
76 33 401
130 15 401
29 110 401
46 116 401
15 130 401
14 3 401
66 86 401
35 135 401
65 86 401
10 94 -401
116 46 401
94 10 -401
129 70 400
27 132 400
70 129 400
132 27 400
98 130 399
99 113 -399
15 43 399
130 98 399
111 96 -399
96 111 -399
113 99 -399
41 19 399
43 15 399
19 41 399
81 94 398
134 131 398
94 81 398
131 134 398
64 94 397
16 77 397
134 81 397
36 90 397
81 134 397
94 64 397
90 36 397
77 16 397
27 70 396
70 27 396
130 21 396
134 25 396
67 132 396
25 134 396
57 140 396
140 57 396
86 101 396
21 130 396
101 86 396
132 67 396
46 80 -395
51 141 395
80 46 -395
91 69 395
58 82 395
35 26 395
102 72 395
26 35 395
147 91 395
141 51 395
72 102 395
69 91 395
82 58 395
91 147 395
97 59 -394
45 33 -394
17 70 394
59 97 -394
33 45 -394
70 17 394
118 26 394
54 15 394
72 15 394
15 72 394
26 118 394
15 54 394
12 81 393
81 12 393
108 43 393
141 41 393
43 108 393
64 105 393
105 64 393
87 89 393
89 87 393
41 141 393
92 50 392
98 36 392
76 51 392
99 121 392
76 50 392
121 99 392
112 41 392
76 9 392
9 76 392
41 112 392
66 118 392
52 153 -392
51 76 392
36 98 392
153 52 -392
50 76 392
50 92 392
118 66 392
51 130 391
24 59 391
41 25 -391
15 27 391
59 24 391
23 18 391
130 51 391
25 41 -391
18 23 391
27 15 391
98 72 390
66 57 390
57 66 390
72 98 390
47 12 389
51 24 389
111 49 389
24 51 389
12 47 389
49 111 389
21 68 388
110 97 388
95 115 388
71 26 388
26 71 388
97 110 388
71 45 388
68 21 388
54 86 388
115 95 388
45 71 388
86 54 388
70 54 387
38 92 387
92 38 387
16 57 387
54 70 387
57 16 387
92 129 386
81 82 386
50 43 386
140 50 386
129 92 386
15 113 -386
43 50 386
82 81 386
113 15 -386
50 140 386
53 109 385
118 76 385
109 53 385
118 67 385
67 118 385
76 118 385
78 73 384
76 43 384
134 94 384
70 132 384
43 76 384
15 20 384
105 16 384
13 27 384
132 70 384
99 125 384
111 104 -384
16 105 384
20 15 384
104 111 -384
73 78 384
94 134 384
125 99 384
27 13 384
152 106 -383
106 152 -383
46 50 383
64 123 383
50 87 383
67 19 383
73 103 383
87 50 383
123 64 383
103 73 383
19 67 383
112 62 383
62 112 383
50 46 383
15 51 382
51 15 382
49 122 -382
43 132 382
43 66 382
132 43 382
73 64 382
45 44 382
122 49 -382
59 77 382
44 45 382
77 59 382
64 73 382
13 130 382
130 13 382
66 43 382
22 43 381
66 46 381
49 35 381
94 154 381
50 116 381
35 49 381
46 66 381
116 50 381
59 16 381
60 155 381
24 15 381
15 24 381
154 94 381
83 27 -381
93 125 381
27 83 -381
75 44 381
16 59 381
155 60 381
90 24 381
125 93 381
44 75 381
24 90 381
43 22 381
33 72 380
20 51 380
124 152 -380
72 33 380
152 124 -380
51 20 380
21 9 379
110 71 379
43 27 379
67 83 -379
131 64 379
83 67 -379
54 115 379
64 131 379
13 112 379
27 43 379
112 13 379
73 44 379
71 110 379
115 54 379
9 21 379
44 73 379
113 59 -378
46 115 378
142 67 378
67 142 378
102 24 378
59 113 -378
24 102 378
115 46 378
112 50 377
50 112 377
143 11 377
11 143 377
53 98 376
115 98 376
64 97 376
98 53 376
69 31 376
154 35 376
86 22 376
31 69 376
70 123 376
123 70 376
98 115 376
22 86 376
97 64 376
35 154 376
35 134 375
142 70 375
9 33 375
134 35 375
33 9 375
70 142 375
124 35 374
102 138 374
120 102 374
115 99 374
102 120 374
99 115 374
35 148 374
129 63 374
63 129 374
138 102 374
15 19 374
19 15 374
35 124 374
148 35 374
38 54 373
27 86 373
81 131 373
54 38 373
13 36 373
27 90 373
76 151 373
151 76 373
86 27 373
36 13 373
132 118 373
90 27 373
118 132 373
131 81 373
117 11 372
44 96 372
45 123 372
11 117 372
141 153 372
123 45 372
96 44 372
153 141 372
25 53 371
21 116 371
127 42 371
116 21 371
42 127 371
53 25 371
96 125 370
98 22 370
125 96 370
119 62 370
62 119 370
53 45 370
8 42 -370
45 53 370
42 8 -370
22 98 370
74 36 370
36 74 370
42 64 369
52 155 369
123 78 369
155 52 369
118 43 369
64 42 369
78 123 369
43 118 369
112 155 368
92 3 368
86 77 368
77 86 368
155 112 368
3 92 368
97 127 368
127 97 368
119 49 367
49 119 367
47 46 366
137 81 366
27 72 366
42 131 366
131 42 366
82 97 366
59 33 366
81 137 366
33 59 366
46 47 366
97 82 366
46 33 366
33 46 366
72 27 366
70 16 365
29 119 365
57 33 365
72 86 365
66 129 365
16 70 365
125 131 365
46 54 365
54 46 365
129 66 365
86 72 365
38 72 365
77 21 365
72 38 365
21 77 365
33 57 365
119 29 365
131 125 365
109 143 364
99 77 364
50 17 364
9 118 364
77 99 364
143 109 364
17 50 364
118 9 364
102 84 -363
127 113 363
75 81 363
84 102 -363
56 34 363
113 127 363
20 22 363
22 20 363
34 126 363
81 75 363
105 27 -363
126 34 363
34 56 363
27 105 -363
97 74 -362
13 77 362
44 71 362
104 10 362
17 98 362
71 44 362
74 97 -362
67 57 362
10 104 362
98 17 362
77 13 362
57 67 362
66 41 361
51 121 361
126 56 361
121 51 361
33 121 361
91 82 361
96 11 361
11 96 361
82 91 361
131 26 361
56 126 361
27 113 -361
92 74 361
26 131 361
74 92 361
113 27 -361
36 38 361
121 33 361
41 66 361
38 36 361
140 118 360
9 59 360
98 27 360
43 148 360
137 96 360
117 101 360
96 137 360
118 140 360
142 6 360
148 43 360
27 98 360
101 117 360
6 142 360
59 9 360
141 67 359
131 96 359
151 142 359
96 131 359
142 151 359
98 116 359
67 141 359
116 98 359
55 84 358
98 66 358
43 46 358
60 142 -358
25 72 -358
90 8 358
66 98 358
142 60 -358
26 81 358
81 26 358
72 25 -358
24 92 358
8 90 358
92 24 358
84 55 358
46 43 358
44 82 357
3 55 357
55 3 357
102 63 -357
82 44 357
63 102 -357
63 5 -356
134 113 356
50 74 356
70 125 356
97 98 -356
68 33 356
113 74 -356
74 113 -356
13 115 356
5 63 -356
33 68 356
115 13 356
74 50 356
98 97 -356
113 134 356
125 70 356
155 13 355
13 155 355
50 22 355
59 118 355
72 84 -355
151 70 355
105 33 -355
33 105 -355
13 151 355
5 96 -355
22 50 355
49 63 -355
84 72 -355
63 49 -355
24 53 355
53 24 355
96 5 -355
151 13 355
118 59 355
70 151 355
27 121 354
57 77 354
77 57 354
62 20 354
35 71 354
143 129 354
142 46 354
20 62 354
121 27 354
46 142 354
129 143 354
71 35 354
27 20 353
79 55 353
55 79 353
84 5 -353
20 27 353
130 129 353
5 84 -353
129 130 353
46 86 352
68 42 -352
42 68 -352
86 46 352
151 99 351
131 45 351
124 111 351
111 124 351
99 151 351
55 87 351
87 55 351
45 131 351
50 51 350
76 19 350
27 68 350
154 74 -350
51 50 350
57 86 350
90 50 350
74 154 -350
132 41 350
68 27 350
86 57 350
50 90 350
19 76 350
41 132 350
48 74 349
59 50 349
116 90 349
42 113 349
50 16 349
16 50 349
50 59 349
113 42 349
143 81 349
74 48 349
90 116 349
150 89 -349
89 150 -349
45 150 -349
150 45 -349
33 92 349
81 143 349
92 33 349
120 49 348
19 33 348
74 116 348
51 45 -348
33 19 348
45 51 -348
140 22 348
98 9 348
116 74 348
22 140 348
49 120 348
9 98 348
13 51 347
72 97 -347
97 131 347
15 97 -347
51 13 347
74 22 347
81 127 347
41 17 347
70 134 347
131 97 347
127 81 347
134 70 347
17 41 347
22 74 347
101 33 347
97 15 -347
97 72 -347
33 101 347
82 137 346
101 54 346
47 5 -346
50 21 346
51 44 -346
54 101 346
105 98 -346
44 51 -346
9 17 346
98 105 -346
21 50 346
150 71 -346
17 9 346
71 150 -346
72 94 -346
94 72 -346
5 47 -346
137 82 346
134 38 345
77 155 345
43 151 345
101 59 345
104 36 -345
112 57 345
71 96 345
34 64 345
95 59 345
38 134 345
96 71 345
131 25 345
57 112 345
59 101 345
155 77 345
59 95 345
151 43 345
25 131 345
36 104 -345
64 34 345
59 70 344
5 91 -344
142 17 344
91 5 -344
74 82 -344
20 102 344
20 77 344
70 59 344
102 20 344
82 74 -344
17 142 344
77 20 344
118 70 343
140 113 -343
19 50 343
9 15 343
50 6 343
26 62 343
50 19 343
11 16 343
70 118 343
15 9 343
54 69 343
113 140 -343
62 26 343
105 82 343
16 11 343
6 50 343
69 54 343
82 105 343
90 118 342
33 118 342
114 45 342
131 148 342
62 21 342
21 62 342
68 50 342
45 114 342
148 131 342
118 90 342
114 127 342
50 68 342
118 33 342
127 114 342
125 44 341
99 6 341
149 144 -341
41 151 341
151 41 341
144 149 -341
6 99 341
44 125 341
62 59 340
78 104 -340
69 63 340
104 78 -340
59 62 340
115 9 340
151 17 340
63 69 340
17 151 340
9 115 340
97 84 339
116 57 339
113 57 -339
19 59 339
144 18 -339
144 107 -339
57 116 339
112 119 339
84 97 339
59 19 339
18 144 -339
119 112 339
17 13 339
107 144 -339
57 113 -339
13 17 339
123 73 338
99 155 338
150 97 -338
57 20 338
51 66 338
131 132 338
33 51 338
57 21 338
81 119 338
66 51 338
51 33 338
97 150 -338
73 123 338
119 81 338
20 57 338
132 131 338
155 99 338
21 57 338
41 45 -337
99 36 337
65 104 337
61 54 337
104 65 337
72 136 337
136 72 337
54 61 337
103 96 337
124 113 337
113 124 337
36 99 337
45 41 -337
96 103 337
63 95 336
35 75 336
26 142 336
40 107 336
67 94 -336
75 35 336
107 40 336
95 63 336
94 67 -336
51 92 336
44 49 336
49 44 336
92 51 336
142 26 336
121 74 335
129 68 -335
10 110 -335
91 68 -335
68 129 -335
155 9 335
9 155 335
115 15 335
147 43 335
68 91 -335
74 121 335
99 140 335
112 17 335
110 10 -335
11 95 335
95 11 335
17 112 335
15 115 335
140 99 335
43 147 335
35 119 334
106 56 -334
56 106 -334
119 35 334
35 78 334
63 143 334
46 19 334
78 35 334
143 63 334
74 140 334
140 74 334
19 46 334
84 96 333
129 42 333
20 121 333
96 84 333
10 122 333
154 42 333
72 19 333
42 154 333
19 72 333
77 72 333
151 38 333
72 77 333
91 123 333
122 10 333
121 20 333
131 110 333
92 5 -333
5 92 -333
42 129 333
110 131 333
38 151 333
123 91 333
54 59 332
137 73 332
59 54 332
59 141 332
95 92 332
73 137 332
62 47 332
118 155 332
92 95 332
70 131 332
131 70 332
47 62 332
141 59 332
155 118 332
72 34 -331
82 113 331
13 142 331
46 17 331
113 82 331
132 38 331
142 13 331
34 72 -331
38 132 331
125 88 331
17 46 331
88 125 331
51 9 330
99 11 330
146 145 330
130 27 330
11 99 330
31 155 330
116 6 330
155 31 330
6 116 330
16 47 330
145 146 330
47 16 330
35 142 330
9 51 330
142 35 330
20 118 330
27 130 330
118 20 330
84 114 329
17 101 329
114 84 329
103 135 -329
22 121 329
121 22 329
44 124 329
90 61 329
12 73 329
116 130 329
90 74 329
21 43 329
34 100 -329
74 90 329
61 90 329
101 17 329
124 44 329
100 34 -329
135 103 -329
24 9 329
130 116 329
43 21 329
73 12 329
9 24 329
119 118 328
63 86 328
24 17 328
101 41 328
109 102 -328
141 112 328
41 101 328
82 45 328
94 125 328
86 63 328
119 40 328
81 142 328
40 119 328
142 81 328
17 24 328
118 119 328
45 82 328
125 94 328
102 109 -328
112 141 328
138 29 327
113 131 327
26 25 327
61 94 327
94 61 327
105 94 327
138 120 327
129 134 327
33 141 327
89 50 327
9 38 327
118 38 327
94 105 327
102 49 327
38 118 327
50 89 327
62 74 327
74 62 327
25 26 327
141 33 327
149 147 -327
147 149 -327
134 129 327
120 138 327
29 138 327
49 102 327
38 9 327
131 113 327
7 122 -327
122 7 -327
73 125 326
9 22 326
140 70 326
142 44 326
70 140 326
57 155 326
155 57 326
125 73 326
44 142 326
22 9 326
80 47 -326
47 80 -326
33 140 325
51 70 325
76 115 325
110 26 325
95 41 325
35 73 325
41 95 325
19 43 325
74 112 325
70 51 325
118 15 325
86 9 325
115 76 325
54 155 325
112 74 325
140 33 325
73 35 325
155 54 325
9 86 325
15 118 325
43 19 325
131 105 325
105 131 325
26 110 325
77 130 324
2 85 324
20 130 324
82 104 324
22 95 324
67 107 324
107 67 324
141 74 324
74 141 324
130 20 324
104 82 324
130 77 324
95 22 324
85 2 324
155 22 323
41 85 323
115 90 323
115 83 -323
83 115 -323
18 49 323
85 41 323
90 115 323
138 49 323
49 18 323
6 92 323
92 6 323
49 138 323
22 155 323
43 131 322
131 43 322
53 63 322
20 28 322
44 115 -322
28 20 322
63 53 322
28 8 322
151 85 322
8 28 322
115 44 -322
96 148 322
85 151 322
148 96 322
118 151 321
105 134 321
70 141 321
108 122 321
155 17 321
151 118 321
129 10 321
17 155 321
10 129 321
122 108 321
72 66 321
141 70 321
66 72 321
134 105 321
75 73 320
70 11 320
58 103 320
98 57 320
96 143 320
86 89 320
78 38 320
101 132 320
143 96 320
57 98 320
70 95 320
141 17 320
89 86 320
38 78 320
17 141 320
132 101 320
112 16 320
76 17 320
73 75 320
95 70 320
17 76 320
90 151 320
25 27 -320
103 58 320
11 70 320
151 90 320
16 112 320
27 25 -320
143 22 319
17 43 319
112 33 319
33 112 319
22 143 319
65 100 -319
96 104 319
15 101 319
57 47 319
27 116 319
147 24 319
104 96 319
116 27 319
100 65 -319
43 17 319
101 15 319
47 57 319
24 147 319
41 97 -318
124 116 -318
139 107 -318
19 118 318
110 127 318
107 139 -318
50 9 318
131 155 318
33 42 -318
24 95 318
42 33 -318
118 19 318
102 74 318
155 131 318
95 24 318
135 15 318
127 110 318
15 135 318
97 41 -318
74 102 318
9 50 318
56 63 318
116 124 -318
63 56 318
50 15 317
43 95 317
140 62 317
57 43 317
35 125 317
6 70 317
15 50 317
147 130 317
62 140 317
150 81 -317
91 43 317
113 78 317
43 91 317
130 147 317
78 113 317
20 70 317
116 80 -317
95 43 317
70 6 317
125 35 317
70 20 317
80 116 -317
43 57 317
81 150 -317
57 141 316
45 109 316
65 77 316
47 117 316
84 137 316
137 84 316
113 67 -316
141 57 316
25 123 316
117 47 316
77 65 316
67 113 -316
109 45 316
123 25 316
113 71 315
58 81 315
49 29 315
82 109 315
81 58 315
86 49 -315
33 17 315
109 82 315
94 50 -315
50 94 -315
116 9 315
9 116 315
49 86 -315
83 21 -315
17 33 315
21 83 -315
71 113 315
29 49 315
105 125 314
10 66 314
10 58 -314
6 3 314
83 4 -314
69 100 -314
26 139 314
22 83 -314
139 26 314
131 90 314
56 68 -314
66 10 314
58 10 -314
90 9 314
46 77 314
100 69 -314
20 95 314
83 22 -314
125 105 314
74 132 314
3 6 314
95 20 314
4 83 -314
68 56 -314
77 46 314
90 131 314
132 74 314
9 90 314
21 142 313
20 112 313
124 105 313
108 92 313
122 102 -313
105 124 313
131 9 313
92 108 313
69 68 -313
132 21 313
106 141 313
21 132 313
141 106 313
9 131 313
68 69 -313
112 20 313
142 21 313
102 122 -313
22 57 312
79 64 312
25 137 312
15 86 312
131 119 312
124 49 312
46 53 312
94 57 -312
141 11 312
26 5 -312
50 70 312
134 65 312
121 130 312
42 58 312
57 94 -312
65 134 312
130 121 312
64 79 312
53 46 312
119 131 312
86 15 312
11 141 312
92 140 312
70 50 312
57 22 312
113 58 312
137 25 312
58 113 312
140 92 312
58 42 312
5 26 -312
49 124 312
120 97 311
51 25 -311
55 154 311
91 70 311
42 73 311
84 113 311
125 13 311
13 125 311
125 6 311
120 115 311
73 42 311
91 145 311
3 67 311
3 41 311
25 51 -311
70 91 311
41 3 311
97 120 311
154 55 311
145 91 311
115 120 311
113 84 311
6 125 311
67 3 311
105 74 -311
74 105 -311
16 76 310
140 9 310
9 77 310
9 140 310
77 9 310
154 59 -310
76 16 310
59 154 -310
26 121 309
94 15 -309
62 131 309
47 44 309
131 62 309
9 20 309
53 86 309
141 21 309
151 92 309
92 151 309
44 47 309
121 26 309
21 141 309
76 107 309
86 53 309
20 9 309
15 94 -309
107 76 309
15 62 308
116 24 308
119 145 308
112 9 308
62 99 308
125 76 308
19 9 308
145 119 308
1 59 308
140 121 308
62 15 308
24 116 308
9 112 308
99 62 308
121 140 308
117 33 308
33 117 308
53 138 -308
138 53 -308
9 19 308
59 1 308
76 125 308
86 20 307
20 54 307
20 86 307
147 69 307
97 130 -307
54 20 307
50 121 307
121 50 307
122 106 -307
130 97 -307
69 147 307
31 54 307
54 31 307
